33.8497
33.7086
33.5675
33.4264
33.2853
33.1442
33.0031
32.862
32.7209
32.5798
32.4387
32.2976
32.1565
32.0154
31.8743
31.7332
31.5921
31.451
31.31
31.1689
31.0278
30.8867
30.7456
30.6045
30.4634
30.3223
30.1812
30.0401
29.899
29.7579
29.6168
29.4757
29.3346
29.1935
29.0524
28.9113
28.7702
28.6291
28.488
28.3469
28.2058
28.0647
27.9236
27.7825
27.6414
27.5003
27.3592
27.2181
27.077
26.9359
26.7948
26.6537
26.5127
26.3716
26.2305
26.0894
25.9483
25.8072
25.6661
25.525
25.3839
25.2428
25.1017
24.9606
24.8195
24.6784
24.5373
24.3962
24.2551
24.114
23.9729
23.8318
23.6907
23.5496
23.4085
23.2674
23.1263
22.9852
22.8441
22.703
22.5619
22.4208
22.2797
22.1386
21.9975
21.8564
21.7153
21.5743
21.4332
21.2921
21.151
21.0099
20.8688
20.7277
20.5866
20.4455
20.3044
20.1633
20.0222
19.8811
19.74
19.5989
19.4578
19.3167
19.1756
19.0345
18.8934
18.7523
18.6112
18.4701
18.329
18.1879
18.0468
17.9057
17.7646
17.6235
17.4824
17.3413
17.2002
17.0591
16.918
16.777
16.6359
16.4948
16.3537
16.2126
16.0715
15.9304
15.7893
15.6482
15.5071
15.366
15.2249
15.0838
14.9427
14.8016
14.6605
14.5194
14.3783
14.2372
13.9844
