-41.311
-41.1693
-41.0275
-40.8858
-40.744
-40.6023
-40.4605
-40.3188
-40.177
-40.0353
-39.8936
-39.7518
-39.6101
-39.4683
-39.3266
-39.1848
-39.0431
-38.9013
-38.7596
-38.6178
-38.4761
-38.3344
-38.1926
-38.0509
-37.9091
-37.7674
-37.6256
-37.4839
-37.3421
-37.2004
-37.0587
-36.9169
-36.7752
-36.6334
-36.4917
-36.3499
-36.2082
-36.0664
-35.9247
-35.783
-35.6412
-35.4995
-35.3577
-35.216
-35.0742
-34.9325
-34.7907
-34.649
-34.5072
-34.3655
-34.2238
-34.082
-33.9403
-33.7985
-33.6568
-33.515
-33.3733
-33.2315
-33.0898
-32.9481
-32.8063
-32.6646
-32.5228
-32.3811
-32.2393
-32.0976
-31.9558
-31.8141
-31.6723
-31.5306
-31.3889
-31.2471
-31.1054
-30.9636
-30.8219
-30.6801
-30.5384
-30.3966
-30.2549
-30.1132
-29.9714
-29.8297
-29.6879
-29.5462
-29.4044
-29.2627
-29.1209
-28.9792
-28.8375
-28.6957
-28.554
-28.4122
-28.2705
-28.1287
-27.987
-27.8452
-27.7035
-27.5617
-27.42
-27.2783
-27.1365
-26.9948
-26.853
-26.7113
-26.5695
-26.4278
-26.286
-26.1443
-26.0026
-25.8608
-25.7191
-25.5773
-25.4356
-25.2938
-25.1521
-25.0103
-24.8686
-24.7269
-24.5851
-24.4434
-24.3016
-24.1599
-24.0181
-23.8764
-23.7346
-23.5929
-23.4511
-23.3094
-23.1677
-23.0259
-22.8842
-22.7424
-22.6007
-22.4589
-22.3172
-22.1754
-22.0337
-21.892
-21.7502
-21.6085
-21.3545
