29.4691
29.3249
29.1806
29.0364
28.8921
28.7479
28.6036
28.4594
28.3151
28.1709
28.0267
27.8824
27.7382
27.5939
27.4497
27.3054
27.1612
27.0169
26.8727
26.7284
26.5842
26.44
26.2957
26.1515
26.0072
25.863
25.7187
25.5745
25.4302
25.286
25.1418
24.9975
24.8533
24.709
24.5648
24.4205
24.2763
24.132
23.9878
23.8435
23.6993
23.5551
23.4108
23.2666
23.1223
22.9781
22.8338
22.6896
22.5453
22.4011
22.2569
22.1126
21.9684
21.8241
21.6799
21.5356
21.3914
21.2471
21.1029
20.9587
20.8144
20.6702
20.5259
20.3817
20.2374
20.0932
19.9489
19.8047
19.6604
19.5162
19.372
19.2277
19.0835
18.9392
18.795
18.6507
18.5065
18.3622
18.218
18.0738
17.9295
17.7853
17.641
17.4968
17.3525
17.2083
17.064
16.9198
16.7756
16.6313
16.4871
16.3428
16.1986
16.0543
15.9101
15.7658
15.6216
15.4773
15.3331
15.1889
15.0446
14.9004
14.7561
14.6119
14.4676
14.3234
14.1791
14.0349
13.8907
13.7464
13.6022
13.4579
13.3137
13.1694
13.0252
12.8809
12.7367
12.5924
12.4482
12.304
12.1597
12.0155
11.8712
11.727
11.5827
11.4385
11.2942
11.15
11.0058
10.8615
10.7173
10.573
10.4288
10.2845
10.1403
9.99604
9.8518
9.70755
9.56331
9.41906
9.27482
9.13057
8.98633
8.84208
8.69784
8.55359
8.40935
8.2651
8.12086
7.97661
7.69925
