-44.0363
-43.8978
-43.7592
-43.6207
-43.4821
-43.3436
-43.2051
-43.0665
-42.928
-42.7894
-42.6509
-42.5124
-42.3738
-42.2353
-42.0967
-41.9582
-41.8197
-41.6811
-41.5426
-41.404
-41.2655
-41.127
-40.9884
-40.8499
-40.7113
-40.5728
-40.4343
-40.2957
-40.1572
-40.0186
-39.8801
-39.7416
-39.603
-39.4645
-39.3259
-39.1874
-39.0488
-38.9103
-38.7718
-38.6332
-38.4947
-38.3561
-38.2176
-38.0791
-37.9405
-37.802
-37.6634
-37.5249
-37.3864
-37.2478
-37.1093
-36.9707
-36.8322
-36.6937
-36.5551
-36.4166
-36.278
-36.1395
-36.001
-35.8624
-35.7239
-35.5853
-35.4468
-35.3083
-35.1697
-35.0312
-34.8926
-34.7541
-34.6156
-34.477
-34.3385
-34.1999
-34.0614
-33.9229
-33.7843
-33.6458
-33.5072
-33.3687
-33.2302
-33.0916
-32.9531
-32.8145
-32.676
-32.5375
-32.3989
-32.2604
-32.1218
-31.9833
-31.8448
-31.7062
-31.5677
-31.4291
-31.2906
-31.1521
-31.0135
-30.875
-30.7364
-30.5979
-30.4594
-30.3208
-30.1823
-30.0437
-29.9052
-29.7666
-29.6281
-29.4896
-29.351
-29.2125
-29.0739
-28.9354
-28.7969
-28.6583
-28.5198
-28.3812
-28.2427
-28.1042
-27.9656
-27.8271
-27.6885
-27.55
-27.4115
-27.2729
-27.1344
-26.9958
-26.8573
-26.7188
-26.5802
-26.4417
-26.3031
-26.1646
-26.0261
-25.8875
-25.749
-25.6104
-25.4719
-25.3334
-25.1948
-25.0563
-24.9177
-24.7792
-24.6407
-24.5021
-24.3636
-24.225
-24.0865
-23.948
-23.8094
-23.6709
-23.5323
-23.3938
-23.1274
