44.3716
44.2271
44.0826
43.9381
43.7936
43.6492
43.5047
43.3602
43.2157
43.0712
42.9267
42.7822
42.6377
42.4933
42.3488
42.2043
42.0598
41.9153
41.7708
41.6263
41.4818
41.3374
41.1929
41.0484
40.9039
40.7594
40.6149
40.4704
40.3259
40.1815
40.037
39.8925
39.748
39.6035
39.459
39.3145
39.17
39.0256
38.8811
38.7366
38.5921
38.4476
38.3031
38.1586
38.0141
37.8697
37.7252
37.5807
37.4362
37.2917
37.1472
37.0027
36.8582
36.7138
36.5693
36.4248
36.2803
36.1358
35.9913
35.8468
35.7023
35.5578
35.4134
35.2689
35.1244
34.9799
34.8354
34.6909
34.5464
34.4019
34.2575
34.113
33.9685
33.824
33.6795
33.535
33.3905
33.246
33.1016
32.9571
32.8126
32.6681
32.5236
32.3791
32.2346
32.0901
31.9457
31.8012
31.6567
31.5122
31.3677
31.2232
31.0787
30.9342
30.7898
30.6453
30.5008
30.3563
30.2118
30.0673
29.9228
29.7783
29.6339
29.4894
29.3449
29.2004
29.0559
28.9114
28.7669
28.6224
28.4779
28.3335
28.189
28.0445
27.9
27.7555
27.611
27.4665
27.322
27.1776
27.0331
26.8886
26.7441
26.5996
26.4551
26.3106
26.1661
26.0217
25.8772
25.7327
25.5882
25.4437
25.2992
25.1547
25.0102
24.8658
24.7213
24.5768
24.4323
24.2878
24.1433
23.9988
23.8543
23.7099
23.5654
23.4209
23.2764
23.1319
22.9874
22.8429
22.6984
22.554
22.4095
22.265
22.1205
21.976
21.8315
21.687
21.5425
21.3981
21.2536
21.1091
20.9646
20.8201
20.6756
20.5311
20.3866
20.2421
20.0977
19.9532
19.8087
19.6642
19.5197
19.3752
19.2307
19.0862
18.9418
18.7973
18.6528
18.5083
18.3638
18.2193
18.0748
17.9303
17.7859
17.6414
17.4969
17.3524
17.2079
17.0634
16.9189
16.7744
16.63
16.4855
16.341
16.1965
16.052
15.9075
15.763
15.6185
15.4741
15.3296
15.1851
15.0406
14.8961
14.7516
14.6071
14.4626
14.3182
14.1737
14.0292
13.8847
13.7402
13.5957
13.4512
13.3067
13.1623
13.0178
12.8733
12.7288
12.5843
12.4398
12.2953
12.1508
12.0063
11.8619
11.7174
11.5729
11.4284
11.2839
11.1394
10.9949
10.8504
10.706
10.5615
10.417
10.2725
10.128
9.98352
9.83903
9.69455
9.55006
9.40557
9.26108
9.11659
8.97211
8.82762
8.68313
8.53864
8.39416
8.24967
8.10518
7.96069
7.8162
7.67172
7.52723
7.38274
7.23825
7.09377
6.94928
6.80479
6.6603
6.51582
6.37133
6.22684
6.08235
5.93786
5.79338
5.64889
5.5044
5.35991
5.21543
5.07094
4.92645
4.78196
4.63747
4.49299
4.3485
4.20401
4.05952
3.91504
3.77055
3.62606
3.48157
3.33709
3.1926
3.04811
2.90362
2.75913
2.61465
2.47016
2.32567
2.18118
2.0367
1.89221
1.74772
1.60323
1.45874
1.31426
1.16977
1.02528
0.880794
0.736306
0.591819
0.447331
0.302843
0.158355
0.0138677
-0.13062
-0.275108
-0.419596
-0.564083
-0.708571
-0.853059
-0.997546
-1.14203
-1.28652
-1.43101
-1.5755
-1.71999
-1.86447
-2.00896
-2.15345
-2.29794
-2.44242
-2.58691
-2.7314
-2.87589
-3.02037
-3.16486
-3.30935
-3.45384
-3.59833
-3.74281
-3.8873
-4.03179
-4.17628
-4.32076
-4.46525
-4.60974
-4.75423
-4.89872
-5.0432
-5.18769
-5.33218
-5.47667
-5.62115
-5.76564
-5.91013
-6.05462
-6.1991
-6.34359
-6.48808
-6.63257
-6.77706
-6.92154
-7.06603
-7.21052
-7.35501
-7.49949
-7.64398
-7.78847
-7.93296
-8.07745
-8.22193
-8.36642
-8.51091
-8.6554
-8.79988
-8.94437
-9.08886
-9.23335
-9.37783
-9.52232
-9.66681
-9.8113
-9.95579
-10.1003
-10.2448
-10.3892
-10.5337
-10.6782
-10.8227
-10.9672
-11.1117
-11.2562
-11.4007
-11.5452
-11.6896
-11.8341
-11.9786
-12.1231
-12.2676
-12.4121
-12.5566
-12.7011
-12.8455
-12.99
-13.1345
-13.279
-13.4235
-13.568
-13.7125
-13.857
-14.0014
-14.1459
-14.2904
-14.4349
-14.5794
-14.7239
-14.8684
-15.0129
-15.1573
-15.3018
-15.4463
-15.5908
-15.7353
-15.8798
-16.0243
-16.1688
-16.3132
-16.4577
-16.6022
-16.7467
-16.8912
-17.0357
-17.1802
-17.3247
-17.4691
-17.6136
-17.7581
-17.9026
-18.0471
-18.1916
-18.3361
-18.4806
-18.625
-18.7695
-18.914
-19.0585
-19.203
-19.3475
-19.492
-19.6365
-19.781
-19.9254
-20.0699
-20.2144
-20.3589
-20.5034
-20.6479
-20.7924
-20.9369
-21.0813
-21.2258
-21.3703
-21.5148
-21.6593
-21.8038
-21.9483
-22.0928
-22.2372
-22.3817
-22.5262
-22.6707
-22.8152
-22.9597
-23.1042
-23.2487
-23.3931
-23.5376
-23.6821
-23.8266
-23.9711
-24.1156
-24.2601
-24.4046
-24.549
-24.6935
-24.838
-24.9825
-25.127
-25.2715
-25.416
-25.5605
-25.7049
-25.8494
-25.9939
-26.1384
-26.2829
-26.4274
-26.5719
-26.7164
-26.8608
-27.0053
-27.1498
-27.2943
-27.4388
-27.5833
-27.7278
-27.8723
-28.0168
-28.1612
-28.3057
-28.4502
-28.5947
-28.7392
-28.8837
-29.0282
-29.1727
-29.4018
