-58.1395
-58.0012
-57.8629
-57.7246
-57.5864
-57.4481
-57.3098
-57.1715
-57.0332
-56.8949
-56.7566
-56.6183
-56.4801
-56.3418
-56.2035
-56.0652
-55.9269
-55.7886
-55.6503
-55.512
-55.3738
-55.2355
-55.0972
-54.9589
-54.8206
-54.6823
-54.544
-54.4058
-54.2675
-54.1292
-53.9909
-53.8526
-53.7143
-53.576
-53.4377
-53.2995
-53.1612
-53.0229
-52.8846
-52.7463
-52.608
-52.4697
-52.3314
-52.1932
-52.0549
-51.9166
-51.7783
-51.64
-51.5017
-51.3634
-51.2251
-51.0869
-50.9486
-50.8103
-50.672
-50.5337
-50.3954
-50.2571
-50.1189
-49.9806
-49.8423
-49.704
-49.5657
-49.4274
-49.2891
-49.1508
-49.0126
-48.8743
-48.736
-48.5977
-48.4594
-48.3211
-48.1828
-48.0445
-47.9063
-47.768
-47.6297
-47.4914
-47.3531
-47.2148
-47.0765
-46.9383
-46.8
-46.6617
-46.5234
-46.3851
-46.2468
-46.1085
-45.9702
-45.832
-45.6937
-45.5554
-45.4171
-45.2788
-45.1405
-45.0022
-44.8639
-44.7257
-44.5874
-44.4491
-44.3108
-44.1725
-44.0342
-43.8959
-43.7577
-43.6194
-43.4811
-43.3428
-43.2045
-43.0662
-42.9279
-42.7896
-42.6514
-42.5131
-42.3748
-42.2365
-42.0982
-41.9599
-41.8216
-41.6833
-41.5451
-41.4068
-41.2685
-41.1302
-40.9919
-40.8536
-40.7153
-40.577
-40.4388
-40.3005
-40.1622
-40.0239
-39.8856
-39.7473
-39.609
-39.4708
-39.3325
-39.1942
-39.0559
-38.9176
-38.7793
-38.641
-38.5027
-38.3645
-38.2262
-38.0879
-37.9496
-37.8113
-37.673
-37.5347
-37.3964
-37.2582
-37.1199
-36.9816
-36.8433
-36.705
-36.5667
-36.4284
-36.2902
-36.1519
-36.0136
-35.8753
-35.737
-35.5987
-35.4604
-35.3221
-35.1839
-35.0456
-34.9073
-34.769
-34.6307
-34.4924
-34.3541
-34.2158
-34.0776
-33.9393
-33.801
-33.6627
-33.5244
-33.3861
-33.2478
-33.1096
-32.9713
-32.833
-32.6947
-32.5564
-32.4181
-32.2798
-32.1415
-32.0033
-31.865
-31.7267
-31.5884
-31.4501
-31.3118
-31.1735
-31.0352
-30.897
-30.7587
-30.6204
-30.4821
-30.3438
-30.2055
-30.0672
-29.929
-29.7907
-29.6524
-29.5141
-29.3758
-29.2375
-29.0992
-28.9609
-28.8227
-28.6844
-28.5461
-28.4078
-28.2695
-28.1312
-27.9929
-27.8546
-27.7164
-27.5781
-27.4398
-27.3015
-27.1632
-27.0249
-26.8866
-26.7483
-26.6101
-26.4718
-26.3335
-26.1952
-26.0569
-25.9186
-25.7803
-25.6421
-25.5038
-25.3655
-25.2272
-25.0889
-24.9506
-24.8123
-24.674
-24.5358
-24.3975
-24.2592
-24.1209
-23.9826
-23.8443
-23.706
-23.5677
-23.4295
-23.2912
-23.1529
-23.0146
-22.8763
-22.738
-22.5997
-22.4615
-22.3232
-22.1849
-22.0466
-21.9083
-21.77
-21.6317
-21.4934
-21.3552
-21.2169
-21.0786
-20.9403
-20.802
-20.6637
-20.5254
-20.3871
-20.2489
-20.1106
-19.9723
-19.834
-19.6957
-19.5574
-19.4191
-19.2809
-19.1426
-19.0043
-18.866
-18.7277
-18.5894
-18.4511
-18.3128
-18.1746
-18.0363
-17.898
-17.7597
-17.6214
-17.4831
-17.3448
-17.2065
-17.0683
-16.93
-16.7917
-16.6534
-16.5151
-16.3768
-16.2385
-16.1002
-15.962
-15.8237
-15.6854
-15.5471
-15.4088
-15.2705
-15.1322
-14.994
-14.8557
-14.7174
-14.5791
-14.4408
-14.3025
-14.1642
-14.0259
-13.8877
-13.7494
-13.6111
-13.4728
-13.3345
-13.1962
-13.0579
-12.9196
-12.7814
-12.6431
-12.5048
-12.3665
-12.2282
-12.0899
-11.9516
-11.8134
-11.6751
-11.5368
-11.3985
-11.2602
-11.1219
-10.9836
-10.8453
-10.7071
-10.5688
-10.4305
-10.2922
-10.1539
-10.0156
-9.87733
-9.73905
-9.60076
-9.46247
-9.32419
-9.1859
-9.04761
-8.90933
-8.77104
-8.63275
-8.49446
-8.35618
-8.21789
-8.0796
-7.94132
-7.80303
-7.66474
-7.52646
-7.38817
-7.24988
-7.11159
-6.97331
-6.83502
-6.69673
-6.55845
-6.42016
-6.28187
-6.14358
-6.0053
-5.86701
-5.72872
-5.59044
-5.45215
-5.31386
-5.17558
-5.03729
-4.899
-4.76071
-4.62243
-4.48414
-4.34585
-4.20757
-4.06928
-3.93099
-3.79271
-3.65442
-3.51613
-3.37784
-3.23956
-3.10127
-2.96298
-2.8247
-2.68641
-2.54812
-2.40984
-2.27155
-2.13326
-1.99497
-1.85669
-1.7184
-1.58011
-1.44183
-1.30354
-1.16525
-1.02697
-0.888679
-0.750392
-0.612105
-0.473818
-0.335531
-0.197244
-0.0589566
0.0793304
0.217617
0.355904
0.494191
0.632478
0.770765
0.909052
1.04734
1.18563
1.32391
1.4622
1.60049
1.73877
1.87706
2.01535
2.15364
2.29192
2.43021
2.5685
2.70678
2.84507
2.98336
3.12164
3.25993
3.39822
3.53651
3.67479
3.81308
3.95137
4.08965
4.22794
4.36623
4.50451
4.6428
4.78109
4.91938
5.05766
5.19595
5.33424
5.47252
5.61081
5.7491
5.88738
6.02567
6.16396
6.30225
6.44053
6.57882
6.71711
6.85539
6.99368
7.13197
7.27025
7.40854
7.54683
7.68512
7.8234
7.96169
8.09998
8.23826
8.37655
8.51484
8.65312
8.79141
8.9297
9.06799
9.20627
9.34456
9.48285
9.62113
9.75942
9.89771
10.036
10.1743
10.3126
10.4509
10.5891
10.7274
10.8657
11.004
11.1423
11.2806
11.4189
11.5572
11.6954
11.8337
11.972
12.1103
12.2486
12.4679
