38.2415
38.0946
37.9476
37.8007
37.6537
37.5068
37.3598
37.2129
37.0659
36.919
36.772
36.6251
36.4781
36.3312
36.1842
36.0373
35.8903
35.7434
35.5964
35.4495
35.3025
35.1556
35.0086
34.8617
34.7147
34.5678
34.4208
34.2739
34.1269
33.98
33.833
33.6861
33.5391
33.3922
33.2452
33.0983
32.9513
32.8044
32.6574
32.5105
32.3635
32.2166
32.0696
31.9227
31.7757
31.6288
31.4818
31.3349
31.1879
31.041
30.894
30.7471
30.6001
30.4532
30.3062
30.1593
30.0123
29.8654
29.7184
29.5715
29.4245
29.2776
29.1306
28.9837
28.8367
28.6898
28.5428
28.3959
28.2489
28.102
27.955
27.8081
27.6611
27.5142
27.3672
27.2203
27.0733
26.9264
26.7794
26.6325
26.4855
26.3386
26.1916
26.0447
25.8977
25.7508
25.6038
25.4569
25.3099
25.163
25.016
24.8691
24.7221
24.5752
24.4282
24.2813
24.1343
23.9874
23.8404
23.6935
23.5465
23.3996
23.2526
23.1057
22.9588
22.8118
22.6649
22.5179
22.371
22.224
22.0771
21.9301
21.7832
21.6362
21.4893
21.3423
21.1954
21.0484
20.9015
20.7545
20.6076
20.4606
20.3137
20.1667
20.0198
19.8728
19.7259
19.5789
19.432
19.285
19.1381
18.9911
18.8442
18.6972
18.5503
18.4033
18.2564
18.1094
17.9625
17.8155
17.6686
17.5216
17.3747
17.2277
17.0808
16.9338
16.7869
16.6399
16.493
16.346
16.1991
16.0521
15.9052
15.7582
15.6113
15.4643
15.3174
15.1704
15.0235
14.8765
14.7296
14.5826
14.4357
14.2887
14.1418
13.9948
13.8479
13.7009
13.554
13.407
13.2601
13.1131
12.9662
12.8192
12.6723
12.5253
12.3784
12.2314
12.0845
11.9375
11.7906
11.6436
11.4967
11.3497
11.2028
11.0558
10.9089
10.7619
10.615
10.468
10.3211
10.1741
10.0272
9.88024
9.73329
9.58634
9.43939
9.29245
9.1455
8.99855
8.8516
8.70465
8.5577
8.41075
8.2638
8.11685
7.9699
7.82295
7.676
7.52905
7.3821
7.23515
7.0882
6.94125
6.7943
6.64735
6.5004
6.35346
6.20651
6.05956
5.91261
5.76566
5.61871
5.47176
5.32481
5.17786
5.03091
4.88396
4.73701
4.59006
4.44311
4.29616
4.14921
4.00226
3.85531
3.70836
3.56141
3.41446
3.26752
3.12057
2.97362
2.82667
2.67972
2.53277
2.38582
2.23887
2.09192
1.94497
1.79802
1.65107
1.50412
1.35717
1.21022
1.06327
0.916323
0.769373
0.622424
0.475474
0.328525
0.181575
0.0346259
-0.112324
-0.259273
-0.406223
-0.553172
-0.700122
-0.847071
-0.994021
-1.14097
-1.28792
-1.43487
-1.58182
-1.72877
-1.87572
-2.02267
-2.16962
-2.31657
-2.46352
-2.61047
-2.75741
-2.90436
-3.05131
-3.19826
-3.34521
-3.49216
-3.63911
-3.78606
-3.93301
-4.07996
-4.22691
-4.37386
-4.52081
-4.66776
-4.81471
-4.96166
-5.10861
-5.25556
-5.40251
-5.54946
-5.69641
-5.84335
-5.9903
-6.13725
-6.2842
-6.43115
-6.5781
-6.72505
-6.872
-7.01895
-7.1659
-7.31285
-7.4598
-7.60675
-7.7537
-7.90065
-8.0476
-8.19455
-8.3415
-8.48845
-8.6354
-8.92204
