-42.0383
-41.9026
-41.767
-41.6313
-41.4956
-41.36
-41.2243
-41.0886
-40.953
-40.8173
-40.6816
-40.546
-40.4103
-40.2746
-40.1389
-40.0033
-39.8676
-39.7319
-39.5963
-39.4606
-39.3249
-39.1893
-39.0536
-38.9179
-38.7823
-38.6466
-38.5109
-38.3753
-38.2396
-38.1039
-37.9683
-37.8326
-37.6969
-37.5613
-37.4256
-37.2899
-37.1542
-37.0186
-36.8829
-36.7472
-36.6116
-36.4759
-36.3402
-36.2046
-36.0689
-35.9332
-35.7976
-35.6619
-35.5262
-35.3906
-35.2549
-35.1192
-34.9836
-34.8479
-34.7122
-34.5766
-34.4409
-34.3052
-34.1695
-34.0339
-33.8982
-33.7625
-33.6269
-33.4912
-33.3555
-33.2199
-33.0842
-32.9485
-32.8129
-32.6772
-32.5415
-32.4059
-32.2702
-32.1345
-31.9989
-31.8632
-31.7275
-31.5919
-31.4562
-31.3205
-31.1849
-31.0492
-30.9135
-30.7778
-30.6422
-30.5065
-30.3708
-30.2352
-30.0995
-29.9638
-29.8282
-29.6925
-29.5568
-29.4212
-29.2855
-29.1498
-29.0142
-28.8785
-28.7428
-28.6072
-28.4715
-28.3358
-28.2002
-28.0645
-27.9288
-27.7931
-27.6575
-27.5218
-27.3861
-27.2505
-27.1148
-26.9791
-26.8435
-26.7078
-26.5721
-26.4365
-26.3008
-26.1651
-26.0295
-25.8938
-25.7581
-25.6225
-25.4868
-25.3511
-25.2155
-25.0798
-24.9441
-24.8084
-24.6728
-24.5371
-24.4014
-24.2658
-24.1301
-23.9944
-23.8588
-23.7231
-23.5874
-23.4518
-23.3161
-23.1804
-23.0448
-22.9091
-22.7734
-22.6378
-22.5021
-22.3664
-22.2308
-22.0951
-21.9594
-21.8237
-21.6881
-21.5524
-21.4167
-21.2811
-21.1454
-21.0097
-20.8741
-20.7384
-20.6027
-20.4671
-20.3314
-20.1957
-20.0601
-19.9244
-19.7887
-19.6531
-19.5174
-19.3817
-19.2461
-19.1104
-18.9747
-18.8391
-18.7034
-18.5677
-18.432
-18.2964
-18.1607
-18.025
-17.8894
-17.7537
-17.618
-17.4824
-17.3467
-17.211
-17.0754
-16.9397
-16.804
-16.6684
-16.5327
-16.397
-16.2614
-16.1257
-15.99
-15.8544
-15.7187
-15.583
-15.4473
-15.3117
-15.176
-15.0403
-14.9047
-14.769
-14.6333
-14.4977
-14.362
-14.2263
-14.0907
-13.955
-13.8193
-13.6837
-13.548
-13.4123
-13.2767
-13.141
-13.0053
-12.8697
-12.734
-12.5983
-12.4626
-12.327
-12.1913
-12.0556
-11.92
-11.7843
-11.6486
-11.513
-11.3773
-11.2416
-11.106
-10.9703
-10.8346
-10.699
-10.5633
-10.4276
-10.292
-10.1563
-10.0206
-9.88495
-9.74929
-9.61362
-9.47795
-9.34228
-9.20661
-9.07095
-8.93528
-8.79961
-8.66394
-8.52827
-8.39261
-8.25694
-8.12127
-7.9856
-7.84993
-7.71426
-7.5786
-7.44293
-7.30726
-7.17159
-7.03592
-6.90026
-6.76459
-6.62892
-6.49325
-6.35758
-6.22192
-6.08625
-5.95058
-5.81491
-5.67924
-5.54357
-5.40791
-5.27224
-5.13657
-5.0009
-4.86523
-4.72957
-4.5939
-4.45823
-4.32256
-4.18689
-4.05123
-3.91556
-3.77989
-3.64422
-3.50855
-3.37288
-3.23722
-3.10155
-2.96588
-2.83021
-2.69454
-2.55888
-2.42321
-2.28754
-2.15187
-2.0162
-1.88054
-1.74487
-1.6092
-1.47353
-1.33786
-1.20219
-1.06653
-0.930859
-0.79519
-0.659522
-0.523854
-0.388186
-0.252518
-0.11685
0.0188183
0.154486
0.290155
0.425823
0.561491
0.697159
0.832827
0.968495
1.10416
1.23983
1.50447
