11.6039
11.4586
11.3133
11.168
11.0227
10.8774
10.7322
10.5869
10.4416
10.2963
10.151
10.0057
9.86041
9.71512
9.56982
9.42453
9.27924
9.13395
8.98866
8.84337
8.69808
8.55279
8.4075
8.2622
8.11691
7.97162
7.82633
7.68104
7.53575
7.39046
7.24517
7.09988
6.95458
6.80929
6.664
6.51871
6.37342
6.22813
6.08284
5.93755
5.79226
5.64696
5.50167
5.35638
5.21109
5.0658
4.92051
4.77522
4.62993
4.48464
4.33934
4.19405
4.04876
3.90347
3.75818
3.61289
3.4676
3.32231
3.17702
3.03172
2.88643
2.74114
2.59585
2.45056
2.30527
2.15998
2.01469
1.8694
1.7241
1.57881
1.43352
1.28823
1.14294
0.997649
0.852357
0.707066
0.561775
0.416484
0.271193
0.125902
-0.0193892
-0.16468
-0.309971
-0.455263
-0.600554
-0.745845
-0.891136
-1.03643
-1.18172
-1.32701
-1.4723
-1.61759
-1.76288
-1.90817
-2.05346
-2.19876
-2.34405
-2.48934
-2.63463
-2.77992
-2.92521
-3.0705
-3.21579
-3.36108
-3.50638
-3.65167
-3.79696
-3.94225
-4.08754
-4.23283
-4.37812
-4.52341
-4.6687
-4.814
-4.95929
-5.10458
-5.24987
-5.39516
-5.54045
-5.68574
-5.83103
-5.97632
-6.12162
-6.26691
-6.4656
