-26.8037
-26.6663
-26.5288
-26.3914
-26.2539
-26.1165
-25.979
-25.8416
-25.7042
-25.5667
-25.4293
-25.2918
-25.1544
-25.0169
-24.8795
-24.7421
-24.6046
-24.4672
-24.3297
-24.1923
-24.0548
-23.9174
-23.78
-23.6425
-23.5051
-23.3676
-23.2302
-23.0927
-22.9553
-22.8179
-22.6804
-22.543
-22.4055
-22.2681
-22.1306
-21.9932
-21.8558
-21.7183
-21.5809
-21.4434
-21.306
-21.1685
-21.0311
-20.8937
-20.7562
-20.6188
-20.4813
-20.3439
-20.2065
-20.069
-19.9316
-19.7941
-19.6567
-19.5192
-19.3818
-19.2444
-19.1069
-18.9695
-18.832
-18.6946
-18.5571
-18.4197
-18.2823
-18.1448
-18.0074
-17.8699
-17.7325
-17.595
-17.4576
-17.3202
-17.1827
-17.0453
-16.9078
-16.7704
-16.6329
-16.4955
-16.3581
-16.2206
-16.0832
-15.9457
-15.8083
-15.6708
-15.5334
-15.396
-15.2585
-15.1211
-14.9836
-14.8462
-14.7087
-14.5713
-14.4339
-14.2964
-14.159
-14.0215
-13.8841
-13.7466
-13.6092
-13.4718
-13.3343
-13.1969
-13.0594
-12.922
-12.7845
-12.6471
-12.5097
-12.3722
-12.2348
-12.0973
-11.9599
-11.8224
-11.685
-11.5476
-11.4101
-11.2727
-11.1352
-10.9978
-10.8603
-10.7229
-10.5855
-10.448
-10.3106
-10.1731
-10.0357
-9.89825
-9.71029
